8.5577 6.7080
5.2359 2.9882
7.0397 3.8161
5.6768 8.8786
8.4295 8.9880
9.3900 8.1544
0.0136 0.0309
0.8747 2.6073
0.2280 4.2408
3.4106 5.4135
9.2617 2.9850
3.3808 8.5948
3.4048 1.3812
5.0780 8.5666
3.8431 6.9569
6.2790 4.5039
4.7362 9.4971
0.8350 2.7983
4.4701 5.8757
8.7763 4.6910
4.3742 7.4618
4.6791 8.6083
4.6651 4.9810
4.8743 2.2947
0.8555 0.6738
8.8839 2.3317
8.6160 7.1174
8.7281 9.3800
1.3969 3.9390
9.8056 6.4479
8.9641 4.8223
0.1409 6.2288
2.3110 5.2743
7.2499 6.0742
5.8837 4.3343
2.4417 4.2896
0.1018 6.0882
9.5798 0.9545
0.3559 8.8624
2.4694 0.0892
8.1492 1.4050
8.7987 0.9538
3.5256 5.9342
5.8518 6.6768
6.4803 4.3337
1.3976 7.5193
2.4179 6.5046
8.5737 0.8437
9.7209 0.3146
8.3540 8.3571
0.4986 5.4589
9.4317 3.2147
8.0647 6.0140
7.8962 7.9919
0.4956 2.8320
6.5346 4.8966
9.7285 7.4849
5.6784 2.9896
2.5611 8.8656
4.4680 8.1599
0.9834 8.5959
0.2763 8.9916
8.9994 5.2411
1.2020 1.7779
7.0611 8.3136
0.3483 7.5784
9.5711 3.4287
6.3824 3.4301
2.1647 7.8620
7.2309 2.7884
5.8243 4.2101
0.9207 0.2403
4.9115 2.7827
3.3976 2.8735
1.7090 3.9926
6.9765 2.0368
6.6633 4.4307
4.3330 1.7524
1.9320 6.1642
2.6901 5.5968
9.4478 7.1447
6.7922 9.5938
7.7533 6.0773
9.4800 0.5964
2.6871 9.8668
7.7221 4.7535
6.8090 4.1693
3.8015 2.1327
3.8294 0.2967
4.7232 3.3337
9.7584 5.5544
8.4630 4.0806
4.6202 8.2631
9.9120 5.2395
9.2544 7.3902
5.6743 9.6878
8.2450 9.5961
6.4635 3.7957
4.7657 9.1189
0.1485 1.5669
4.7157 5.4299
0.5969 6.5803
8.8964 1.0963
4.3777 2.8023
9.8525 6.0876
2.5375 1.3261
5.4500 8.2780
8.3701 8.3335
2.0372 5.4442
8.7494 1.2100
8.5635 8.9978
2.1787 0.7698
4.7422 8.3503
4.6939 4.1377
5.0275 1.2544
1.3229 8.7048
6.0295 2.6530
8.6480 0.5811
4.5775 7.2221
3.3900 4.0122
5.2698 8.9424
7.7836 0.6937
2.7878 3.7937
8.6467 4.1996
2.3988 5.9765
4.7940 8.9855
9.3471 8.1789
7.0891 7.4322
8.9971 0.6524
3.3591 0.0434
8.2810 5.0744
3.6616 2.2664
5.3483 2.8948
0.6837 0.8497
0.6834 4.0982
1.2338 4.4302
8.9894 3.5364
1.2018 5.6911
8.7503 3.4857
0.4192 1.4234
0.7659 7.4053
4.5653 6.6825
6.9925 5.7136
6.2869 8.7776
6.6235 8.7541
4.6752 1.4134
0.6813 7.1424
3.0799 6.7116
6.5242 5.3105
7.1511 5.0481
4.8800 4.9784
9.3598 3.8928
1.1715 2.4042
6.8491 8.3925
9.7014 2.1517
7.6034 5.8410
4.0295 5.1004
4.9564 6.5137
7.4371 3.0195
0.8961 8.2597
3.8959 7.7530
1.7937 1.0936
9.0516 8.7635
9.9979 8.6425
0.3688 5.4468
9.9762 5.1101
8.7351 0.7022
9.8754 9.2271
5.6426 4.3146
3.3784 7.2072
0.1366 3.7406
9.2269 5.4648
4.7389 4.9654
3.0897 9.5084
9.8199 5.1356
9.9259 4.5584
4.2604 2.1321
1.9325 8.3275
7.2664 5.2975
8.2908 5.1187
5.5196 2.1328
5.8782 1.4276
0.5222 6.8331
6.0856 2.1966
4.0628 6.2991
5.5531 1.2758
1.6920 0.0100
4.1816 4.8849
1.5987 6.6684
0.1792 1.1968
9.5213 9.7585
0.3091 4.9388
8.6272 2.4288
8.3427 8.1359
6.2897 0.0224
3.7972 9.0441
6.8035 3.7882
6.3195 2.4327
5.7141 9.8173
8.4968 2.8344
6.8246 3.5812
9.8693 0.8399
2.5031 8.1135
0.8442 5.3125
8.0062 7.3882
1.4166 4.3789
3.5038 4.7850
5.8740 1.4581
9.0533 6.4019
1.6294 5.6591
9.3162 7.8310
6.8569 4.6622
2.6032 5.6927
2.4877 3.1930
9.1080 8.8522
7.9459 9.2581
1.7884 5.1754
6.2701 9.1318
6.6397 3.8919
7.4001 8.1763
6.0034 0.8500
9.2236 0.5360
5.2702 1.1885
3.8014 8.1283
2.4410 8.8442
7.1265 3.7815
2.4892 2.5285
7.6724 0.4986
6.8529 6.2028
7.4668 9.7726
3.8391 2.6021
8.7747 8.0610
4.6112 0.9096
5.6427 1.8738
5.3169 3.5503
3.1478 7.2674
5.1577 7.9064
2.0449 6.7811
0.5249 8.0117
6.7857 9.4601
0.9156 9.0844
5.0995 6.1490
3.1607 0.7749
8.5061 1.4453
3.7049 6.2239
9.9755 5.1734
9.9051 2.2653
3.9801 6.9657
0.6464 7.4766
4.2040 8.1132
15.7806 9.9780
10.5371 7.6645
14.2328 10.5622
9.1723 13.8919
19.6765 21.8904
18.9161 14.0954
4.1998 3.4321
0.1766 7.0488
3.0975 10.2692
8.2999 4.1150
14.6294 4.5419
6.4864 12.1778
7.5760 3.2249
11.7928 14.4529
9.9364 10.6576
8.5955 7.7676
11.3283 19.5431
3.0288 10.3138
9.4611 12.0583
15.5834 8.9249
10.0848 15.3397
9.6041 10.5311
14.3093 8.5567
14.1568 8.4746
-1.0685 4.0003
16.8279 8.0815
17.1084 14.8310
16.6736 17.8880
8.4456 9.9377
17.3545 12.6913
17.7096 10.1585
1.6259 10.2604
7.0632 12.8664
16.4873 13.9141
10.3626 11.1410
4.6553 9.1845
0.4461 14.7933
18.2709 6.2866
3.2801 16.9012
4.5460 0.5237
13.1595 8.7147
16.9311 3.7934
7.2813 9.7813
14.3794 14.9756
13.6256 10.3922
7.6897 16.5461
9.5504 10.7561
14.5836 6.6739
19.7675 5.6588
15.8019 16.0471
3.0933 11.1126
19.8950 8.4378
15.5839 12.8351
11.5196 19.0730
2.6731 11.5171
12.7503 11.6250
16.6145 17.4568
11.7418 7.5223
7.9742 18.5251
7.6452 12.5362
5.9094 16.4801
-0.0801 18.4034
15.2987 11.8332
7.1401 7.5419
12.2717 15.4002
5.3709 16.8377
18.5413 11.2180
14.4402 9.2017
4.8131 15.3836
15.3594 9.2959
11.7173 9.1144
6.6190 5.9715
10.4827 5.7872
8.1473 7.7259
6.8276 2.4182
16.4361 2.5121
11.2486 6.4970
7.9090 2.9679
6.7034 15.1248
5.2521 10.0380
14.7092 15.1061
10.7997 17.1964
12.8876 11.3402
17.8371 5.2571
4.3365 15.6297
13.0275 8.6089
14.3422 8.0471
6.9571 1.4103
7.9619 4.3240
11.8541 9.4230
16.3289 9.7252
18.3497 3.8753
12.3362 15.6618
15.9168 11.9253
15.2637 16.4471
15.0367 20.9256
15.0653 15.6494
10.9737 6.5889
8.8561 12.2600
4.0406 6.5469
9.6667 9.4409
3.9390 11.6622
15.7081 5.7997
10.7959 4.6133
19.6831 10.8943
4.3851 -0.2652
8.4257 15.4683
14.1390 11.8098
8.0771 14.4264
15.8020 5.5509
18.5600 15.4876
4.8614 5.3958
9.9128 14.7183
9.2756 9.4628
12.7279 5.8250
7.5168 18.4108
12.4714 6.0456
14.5742 4.7952
11.7513 14.6684
9.2123 7.4894
9.1863 11.8765
17.9871 2.0520
7.8694 11.1455
16.1088 6.1576
2.9940 14.5370
8.3095 17.0620
18.8881 17.9012
14.2990 15.1725
16.5974 4.3160
7.1490 2.0020
15.1106 9.7478
8.6849 7.5173
11.0632 9.1166
3.5198 6.8128
1.9693 9.3807
2.1511 8.0408
14.5550 9.2349
4.1518 9.9683
16.3122 8.1322
2.8400 2.6988
5.5338 14.4142
11.1188 15.6919
11.0080 12.1050
9.9876 15.5921
13.1460 13.3285
7.3924 5.5878
4.1976 15.5305
3.8915 14.1937
13.7458 13.8739
13.6458 10.9304
10.3450 8.6027
17.9678 5.8916
3.0256 6.7495
14.5343 17.0089
17.9783 10.0896
17.3478 10.1849
11.7224 11.7481
14.2841 13.9973
14.2494 8.4060
8.5339 15.4606
4.2031 10.9686
3.6841 1.9092
15.0620 15.3852
16.6052 12.6659
2.8259 12.8612
17.3034 8.4465
16.3746 3.4665
18.1452 17.5794
6.9319 10.7744
8.7082 12.6519
4.4144 9.3635
17.9966 8.4225
8.8457 9.1702
5.6936 17.0398
19.0710 13.0257
19.6356 9.9937
7.1073 5.7893
6.6916 15.5492
14.0854 9.2506
12.0055 10.2958
12.7652 6.2232
12.8279 5.0238
4.9817 15.8081
9.8484 3.8944
6.8794 14.5457
12.8566 3.4166
6.2547 0.4196
8.9561 14.5894
5.0044 14.3102
3.9997 4.3284
15.1109 13.8351
2.7060 8.8139
13.5612 8.0206
13.9653 15.6320
13.2658 2.4357
9.4670 19.8495
10.2833 7.4548
11.3975 3.6570
11.5194 19.3010
20.1500 10.0255
15.5166 6.2368
19.3421 6.6430
6.4180 16.5815
1.2010 12.7144
11.4122 10.9174
3.8391 9.3672
12.4411 11.8385
11.5051 7.0264
16.8025 11.3621
4.6756 11.1578
18.0974 15.3185
14.3018 11.3226
2.6462 13.5527
6.5683 8.5310
18.9871 17.3075
14.8431 20.6931
7.4369 9.8529
13.3461 16.3787
18.5893 7.2792
17.4271 13.9372
10.6320 3.2468
14.8324 4.5216
10.0406 5.4281
10.3430 11.4486
3.3856 18.8551
12.6107 6.7795
5.9463 7.1320
12.0868 3.8623
14.1613 12.2443
14.0936 14.7497
7.3365 4.6017
16.3746 14.4307
8.9590 3.1191
10.8491 3.9665
10.2333 5.3955
8.0869 11.9618
8.1059 16.6948
4.0929 14.0636
3.6986 19.2852
9.1205 18.2888
5.5570 18.1009
10.7349 12.0298
10.0039 2.1983
14.2823 5.2510
9.3016 8.6294
18.3306 11.0375
17.7346 6.0466
7.9531 16.6209
7.2886 12.5157
10.0678 15.5710
